0 0.0
1 0.0
2 -0.2680745872371593
3 -0.09280678731650746
4 -0.17526779992065186
5 -0.12372203741569261
6 0.0
7 0.0
8 -0.18558305612353893
9 -0.041261024811548204
10 -0.08249153111362041
11 -0.24744407483138522
12 -0.16498306222724082
13 -0.16498306222724082
14 0.0
15 -0.041261024811548204
16 -0.18558305612353893
17 -0.18558305612353893
18 -0.18558305612353893
19 -0.08249153111362041
20 -0.030945768608661155
21 -0.12372203741569261
22 -0.12372203741569261
23 -0.09280678731650746
24 0.0
25 -0.020630512405774102
26 -0.08249153111362041
27 -0.12372203741569261
28 -0.16498306222724082
29 -0.195898312326426
30 -0.18558305612353893
31 -0.195898312326426
32 0.0
33 0.0
34 0.0
35 0.0
36 0.0
37 -0.16498306222724082
38 -0.16498306222724082
39 -0.16498306222724082
40 -0.09280678731650746
41 -0.16498306222724082
42 0.0
43 0.0
44 0.0
45 0.0
46 -0.09280678731650746
47 -0.15466780602435376
48 -0.2165288247322001
49 0.0
50 -0.14435254982146672
51 0.0
52 0.0
53 0.0
54 -0.030945768608661155
55 -0.05157628101443525
56 -0.18558305612353893
57 -0.12372203741569261
58 -0.07217627491073336
59 -0.15466780602435376
60 -0.020630512405774102
61 0.0
62 -0.020630512405774102
63 0.0
64 0.0
65 -0.020630512405774102
66 -0.2680745872371593
67 -0.041261024811548204
68 -0.15466780602435376
69 0.0
70 -0.08249153111362041
71 0.0
72 0.0
73 -0.15466780602435376
74 -0.15466780602435376
75 -0.17526779992065186
76 -0.17526779992065186
77 -0.14435254982146672
78 -0.16498306222724082
79 -0.18558305612353893
80 0.0
81 0.0
82 0.0
83 -0.041261024811548204
84 -0.2577593310342723
85 -0.195898312326426
86 -0.020630512405774102
87 -0.16498306222724082
88 -0.12372203741569261
89 0.0
90 0.0
91 -0.020630512405774102
92 -0.17526779992065186
93 -0.3093050935392315
94 0.0
95 -0.13403729361857966
96 -0.010315256202887051
97 -0.08249153111362041
98 -0.041261024811548204
99 -0.15466780602435376
100 0.0
101 0.0
102 -0.07217627491073336
103 -0.2680745872371593
104 -0.2783593249305704
105 -0.030945768608661155
106 -0.12372203741569261
107 -0.041261024811548204
108 -0.030945768608661155
109 0.0
110 0.0
111 -0.16498306222724082
112 -0.16498306222724082
113 -0.2680745872371593
114 -0.2680745872371593
115 -0.13403729361857966
116 -0.17526779992065186
117 -0.12372203741569261
118 0.0
119 0.0
120 0.0
121 0.0
122 0.0
123 -0.195898312326426
124 -0.18558305612353893
125 -0.20621356852931302
126 0.0
127 0.0
128 0.0
129 0.0
130 0.0
131 0.0
132 0.0
133 -0.08249153111362041
134 -0.12372203741569261
135 -0.14435254982146672
136 -0.05157628101443525
137 0.0
